LHM,20160129,0.125,0.14,0.1,0.125,170000,0
LHM,20160201,0.125,0.15,0.125,0.15,114000,0
LHM,20160202,0.15,0.15,0.125,0.15,166666,0
LHM,20160203,0.1,0.1,0.1,0.1,50000,0
LHM,20160204,0.076,0.076,0.074,0.074,300000,0
LHM,20160205,0.057,0.06,0.056,0.06,232284,0
LHM,20160208,0.06,0.06,0.06,0.06,0,0
LHM,20160209,0.06,0.06,0.06,0.06,13000,0
LHM,20160210,0.054,0.06,0.054,0.06,30002,0
LHM,20160211,0.06,0.06,0.06,0.06,36163,0
LHM,20160212,0.05,0.055,0.048,0.048,368800,0
LHM,20160215,0.048,0.048,0.048,0.048,0,0
LHM,20160216,0.048,0.048,0.048,0.048,0,0
LHM,20160217,0.05,0.05,0.05,0.05,121000,0
LHM,20160218,0.05,0.051,0.05,0.05,169000,0
LHM,20160219,0.05,0.05,0.05,0.05,32877,0
LHM,20160222,0.05,0.05,0.05,0.05,2,0
LHM,20160223,0.05,0.05,0.05,0.05,0,0
LHM,20160224,0.05,0.05,0.05,0.05,9398,0
LHM,20160225,0.05,0.05,0.05,0.05,0,0
LHM,20160226,0.05,0.05,0.05,0.05,200000,0
LHM,20160229,0.05,0.05,0.05,0.05,0,0
LHM,20160301,0.05,0.05,0.05,0.05,0,0
LHM,20160302,0.05,0.05,0.05,0.05,0,0
LHM,20160303,0.05,0.05,0.05,0.05,27,0
LHM,20160304,0.069,0.069,0.069,0.069,38000,0
LHM,20160307,0.069,0.069,0.069,0.069,0,0
LHM,20160308,0.059,0.059,0.059,0.059,92,0
LHM,20160309,0.069,0.07,0.069,0.07,50000,0
LHM,20160310,0.06,0.07,0.06,0.07,25000,0
LHM,20160311,0.07,0.07,0.07,0.07,0,0
LHM,20160314,0.07,0.07,0.07,0.07,0,0
LHM,20160315,0.05,0.05,0.045,0.045,169973,0
LHM,20160316,0.05,0.05,0.05,0.05,70000,0
LHM,20160317,0.05,0.07,0.05,0.07,20027,0
LHM,20160318,0.07,0.07,0.07,0.07,20000,0
LHM,20160321,0.07,0.07,0.07,0.07,0,0
LHM,20160322,0.05,0.051,0.05,0.051,209840,0
LHM,20160323,0.05,0.05,0.05,0.05,40000,0
LHM,20160324,0.05,0.05,0.05,0.05,0,0
LHM,20160325,0.05,0.05,0.05,0.05,0,0
LHM,20160328,0.05,0.05,0.05,0.05,0,0
LHM,20160329,0.05,0.05,0.05,0.05,0,0
LHM,20160330,0.05,0.05,0.05,0.05,70000,0
LHM,20160331,0.05,0.05,0.05,0.05,0,0
LHM,20160401,0.05,0.05,0.05,0.05,0,0
LHM,20160404,0.05,0.05,0.05,0.05,0,0
LHM,20160405,0.05,0.05,0.05,0.05,4,0
LHM,20160406,0.05,0.05,0.05,0.05,0,0
LHM,20160407,0.05,0.05,0.05,0.05,0,0
LHM,20160408,0.05,0.05,0.05,0.05,0,0
LHM,20160411,0.05,0.05,0.05,0.05,9456,0
LHM,20160412,0.05,0.05,0.05,0.05,54000,0
LHM,20160413,0.05,0.05,0.05,0.05,0,0
LHM,20160414,0.05,0.05,0.05,0.05,0,0
LHM,20160415,0.05,0.05,0.05,0.05,0,0
LHM,20160418,0.05,0.05,0.05,0.05,0,0
LHM,20160419,0.06,0.06,0.06,0.06,46000,0
LHM,20160420,0.06,0.06,0.06,0.06,42000,0
LHM,20160421,0.06,0.06,0.06,0.06,0,0
LHM,20160422,0.065,0.069,0.06,0.069,29247,0
LHM,20160425,0.069,0.069,0.069,0.069,0,0
LHM,20160426,0.069,0.069,0.069,0.069,0,0
LHM,20160427,0.069,0.069,0.069,0.069,0,0
LHM,20160428,0.069,0.069,0.069,0.069,0,0
LHM,20160429,0.069,0.069,0.069,0.069,0,0
LHM,20160502,0.069,0.069,0.069,0.069,0,0
LHM,20160503,0.069,0.069,0.069,0.069,0,0
LHM,20160504,0.069,0.069,0.069,0.069,0,0
LHM,20160505,0.069,0.069,0.069,0.069,0,0
LHM,20160506,0.069,0.069,0.069,0.069,0,0
LHM,20160509,0.069,0.069,0.069,0.069,0,0
LHM,20160510,0.069,0.069,0.069,0.069,0,0
LHM,20160511,0.069,0.069,0.069,0.069,0,0
LHM,20160512,0.068,0.068,0.06,0.06,15002,0
LHM,20160513,0.06,0.06,0.06,0.06,10000,0
LHM,20160516,0.05,0.05,0.047,0.047,69899,0
LHM,20160517,0.047,0.047,0.047,0.047,16,0
LHM,20160518,0.047,0.047,0.046,0.046,115063,0
LHM,20160519,0.046,0.046,0.046,0.046,211,0
LHM,20160520,0.046,0.046,0.046,0.046,0,0
LHM,20160523,0.046,0.046,0.046,0.046,77,0
LHM,20160524,0.046,0.046,0.046,0.046,0,0
LHM,20160525,0.046,0.046,0.046,0.046,0,0
LHM,20160526,0.046,0.046,0.046,0.046,0,0
LHM,20160527,0.049,0.049,0.046,0.046,25133,0
LHM,20160530,0.046,0.046,0.046,0.046,0,0
LHM,20160531,0.046,0.046,0.046,0.046,0,0
LHM,20160601,0.046,0.046,0.046,0.046,0,0
LHM,20160602,0.046,0.046,0.046,0.046,0,0
LHM,20160603,0.046,0.046,0.046,0.046,0,0
LHM,20160606,0.046,0.046,0.046,0.046,0,0
LHM,20160607,0.046,0.046,0.046,0.046,0,0
LHM,20160608,0.038,0.038,0.038,0.038,69871,0
LHM,20160609,0.04,0.049,0.04,0.045,74637,0
LHM,20160610,0.045,0.045,0.045,0.045,0,0
LHM,20160613,0.045,0.045,0.045,0.045,0,0
LHM,20160614,0.045,0.045,0.045,0.045,0,0
LHM,20160615,0.045,0.045,0.045,0.045,0,0
LHM,20160616,0.045,0.045,0.045,0.045,0,0
LHM,20160617,0.045,0.045,0.045,0.045,0,0
LHM,20160620,0.045,0.045,0.045,0.045,0,0
LHM,20160621,0.045,0.045,0.045,0.045,0,0
LHM,20160622,0.045,0.045,0.045,0.045,0,0
LHM,20160623,0.045,0.045,0.045,0.045,0,0
LHM,20160624,0.045,0.045,0.045,0.045,0,0
LHM,20160627,0.045,0.045,0.045,0.045,0,0
LHM,20160628,0.043,0.043,0.041,0.041,34014,0
LHM,20160629,0.04,0.04,0.04,0.04,100000,0
LHM,20160630,0.04,0.04,0.04,0.04,100000,0
LHM,20160701,0.04,0.04,0.04,0.04,150000,0
LHM,20160704,0.04,0.049,0.04,0.049,50000,0
LHM,20160705,0.049,0.049,0.049,0.049,0,0
LHM,20160706,0.049,0.049,0.049,0.049,0,0
LHM,20160707,0.049,0.049,0.049,0.049,0,0
LHM,20160708,0.049,0.049,0.049,0.049,0,0
LHM,20160711,0.047,0.049,0.047,0.049,40000,0
LHM,20160712,0.043,0.044,0.043,0.043,50000,0
LHM,20160713,0.04,0.043,0.04,0.043,100000,0
LHM,20160714,0.043,0.043,0.043,0.043,20000,0
LHM,20160715,0.043,0.043,0.043,0.043,0,0
LHM,20160718,0.043,0.043,0.043,0.043,0,0
LHM,20160719,0.037,0.043,0.037,0.043,100000,0
LHM,20160720,0.04,0.042,0.04,0.042,50000,0
LHM,20160721,0.042,0.042,0.042,0.042,0,0
LHM,20160722,0.042,0.042,0.042,0.042,0,0
LHM,20160725,0.038,0.042,0.038,0.042,50007,0
LHM,20160726,0.042,0.042,0.042,0.042,0,0
LHM,20160727,0.043,0.043,0.043,0.043,10000,0
LHM,20160728,0.042,0.042,0.042,0.042,20000,0
LHM,20160729,0.042,0.043,0.042,0.043,50000,0
LHM,20160801,0.043,0.043,0.043,0.043,15000,0
LHM,20160802,0.043,0.043,0.043,0.043,0,0
LHM,20160803,0.043,0.043,0.043,0.043,0,0
LHM,20160804,0.043,0.043,0.043,0.043,0,0
LHM,20160805,0.043,0.043,0.043,0.043,0,0
LHM,20160808,0.043,0.043,0.043,0.043,0,0
LHM,20160809,0.043,0.043,0.043,0.043,0,0
LHM,20160810,0.043,0.043,0.043,0.043,0,0
LHM,20160811,0.039,0.04,0.039,0.04,149993,0
LHM,20160812,0.04,0.04,0.04,0.04,0,0
LHM,20160815,0.04,0.04,0.04,0.04,0,0
LHM,20160816,0.04,0.04,0.04,0.04,0,0
LHM,20160817,0.038,0.038,0.036,0.036,40103,0
LHM,20160818,0.036,0.036,0.036,0.036,0,0
LHM,20160819,0.036,0.036,0.036,0.036,0,0
LHM,20160822,0.036,0.036,0.036,0.036,0,0
LHM,20160823,0.035,0.036,0.035,0.035,109897,0
LHM,20160824,0.035,0.035,0.035,0.035,0,0
LHM,20160825,0.035,0.035,0.035,0.035,0,0
LHM,20160826,0.035,0.035,0.035,0.035,0,0
LHM,20160829,0.032,0.032,0.032,0.032,10000,0
LHM,20160830,0.032,0.032,0.032,0.032,0,0
LHM,20160831,0.032,0.032,0.032,0.032,0,0
LHM,20160901,0.032,0.032,0.032,0.032,0,0
LHM,20160902,0.032,0.032,0.032,0.032,0,0
LHM,20160905,0.032,0.032,0.032,0.032,0,0
LHM,20160906,0.032,0.032,0.032,0.032,0,0
LHM,20160907,0.032,0.032,0.032,0.032,0,0
LHM,20160908,0.032,0.032,0.032,0.032,0,0
LHM,20160909,0.032,0.032,0.032,0.032,0,0
LHM,20160912,0.032,0.032,0.032,0.032,0,0
LHM,20160913,0.032,0.032,0.032,0.032,0,0
LHM,20160914,0.032,0.032,0.032,0.032,0,0
LHM,20160915,0.032,0.032,0.032,0.032,0,0
LHM,20160916,0.032,0.032,0.032,0.032,0,0
LHM,20160919,0.032,0.032,0.032,0.032,0,0
LHM,20160920,0.035,0.035,0.035,0.035,40000,0
LHM,20160921,0.035,0.035,0.035,0.035,0,0
LHM,20160922,0.035,0.035,0.035,0.035,0,0
LHM,20160923,0.035,0.035,0.035,0.035,0,0
LHM,20160926,0.035,0.035,0.035,0.035,0,0
LHM,20160927,0.035,0.035,0.035,0.035,0,0
LHM,20160928,0.035,0.035,0.035,0.035,0,0
LHM,20160929,0.035,0.035,0.035,0.035,0,0
LHM,20160930,0.035,0.035,0.035,0.035,0,0
LHM,20161003,0.035,0.035,0.035,0.035,0,0
LHM,20161004,0.035,0.035,0.035,0.035,0,0
LHM,20161005,0.029,0.031,0.029,0.031,17002,0
LHM,20161006,0.031,0.031,0.031,0.031,49998,0
LHM,20161007,0.031,0.031,0.031,0.031,0,0
LHM,20161010,0.031,0.031,0.031,0.031,0,0
LHM,20161011,0.031,0.031,0.031,0.031,0,0
LHM,20161012,0.031,0.031,0.031,0.031,0,0
LHM,20161013,0.031,0.031,0.031,0.031,0,0
LHM,20161014,0.031,0.031,0.031,0.031,50000,0
LHM,20161017,0.031,0.031,0.031,0.031,22729,0
LHM,20161018,0.031,0.031,0.031,0.031,0,0
LHM,20161019,0.031,0.031,0.031,0.031,0,0
LHM,20161020,0.038,0.038,0.035,0.035,40000,0
LHM,20161021,0.04,0.04,0.04,0.04,20000,0
LHM,20161024,0.04,0.04,0.04,0.04,0,0
LHM,20161025,0.04,0.04,0.04,0.04,20000,0
LHM,20161026,0.04,0.04,0.04,0.04,0,0
LHM,20161027,0.04,0.04,0.04,0.04,0,0
LHM,20161028,0.03,0.04,0.03,0.04,20077,0
LHM,20161031,0.039,0.039,0.038,0.038,29923,0
LHM,20161101,0.038,0.038,0.038,0.038,0,0
LHM,20161102,0.038,0.038,0.038,0.038,0,0
LHM,20161103,0.038,0.038,0.038,0.038,0,0
LHM,20161104,0.036,0.04,0.036,0.04,20000,0
LHM,20161107,0.04,0.04,0.04,0.04,20000,0
LHM,20161108,0.04,0.04,0.04,0.04,0,0
LHM,20161109,0.04,0.04,0.04,0.04,0,0
LHM,20161110,0.04,0.04,0.04,0.04,40000,0
LHM,20161111,0.04,0.04,0.04,0.04,20000,0
LHM,20161114,0.04,0.04,0.04,0.04,0,0
LHM,20161115,0.04,0.04,0.04,0.04,0,0
LHM,20161116,0.04,0.04,0.04,0.04,0,0
LHM,20161117,0.04,0.04,0.04,0.04,0,0
LHM,20161118,0.04,0.04,0.04,0.04,40000,0
LHM,20161121,0.04,0.04,0.04,0.04,20000,0
LHM,20161122,0.04,0.04,0.04,0.04,0,0
LHM,20161123,0.04,0.04,0.04,0.04,0,0
LHM,20161124,0.04,0.04,0.04,0.04,0,0
LHM,20161125,0.04,0.04,0.04,0.04,0,0
LHM,20161128,0.04,0.04,0.04,0.04,0,0
LHM,20161129,0.04,0.04,0.04,0.04,0,0
LHM,20161130,0.04,0.04,0.04,0.04,0,0
LHM,20161201,0.04,0.04,0.04,0.04,0,0
LHM,20161202,0.021,0.04,0.021,0.04,40732,0
LHM,20161205,0.04,0.04,0.04,0.04,0,0
LHM,20161206,0.04,0.04,0.04,0.04,0,0
LHM,20161207,0.04,0.04,0.04,0.04,0,0
LHM,20161208,0.04,0.04,0.04,0.04,50000,0
LHM,20161209,0.039,0.04,0.039,0.04,50000,0
LHM,20161212,0.04,0.04,0.04,0.04,90000,0
LHM,20161213,0.04,0.04,0.04,0.04,0,0
LHM,20161214,0.04,0.04,0.04,0.04,25000,0
LHM,20161215,0.04,0.04,0.04,0.04,0,0
LHM,20161216,0.04,0.04,0.04,0.04,90000,0
LHM,20161219,0.039,0.04,0.039,0.04,40000,0
LHM,20161220,0.039,0.04,0.039,0.04,110000,0
LHM,20161221,0.04,0.04,0.04,0.04,240000,0
LHM,20161222,0.04,0.041,0.04,0.041,200000,0
LHM,20161223,0.042,0.042,0.042,0.042,140000,0
LHM,20161226,0.042,0.042,0.042,0.042,0,0
LHM,20161227,0.042,0.042,0.042,0.042,0,0
LHM,20161228,0.044,0.044,0.044,0.044,50000,0
LHM,20161229,0.044,0.044,0.044,0.044,50000,0
LHM,20161230,0.045,0.045,0.045,0.045,90000,0
LHM,20170102,0.045,0.045,0.045,0.045,0,0
LHM,20170103,0.045,0.045,0.045,0.045,0,0
LHM,20170104,0.046,0.046,0.046,0.046,40000,0
LHM,20170105,0.046,0.046,0.046,0.046,0,0
LHM,20170106,0.045,0.045,0.045,0.045,50000,0
LHM,20170109,0.045,0.045,0.045,0.045,0,0
LHM,20170110,0.045,0.045,0.045,0.045,0,0
LHM,20170111,0.045,0.045,0.045,0.045,0,0
LHM,20170112,0.045,0.045,0.045,0.045,0,0
LHM,20170113,0.046,0.046,0.046,0.046,50000,0
LHM,20170116,0.046,0.046,0.046,0.046,0,0
LHM,20170117,0.046,0.046,0.046,0.046,0,0
LHM,20170118,0.038,0.038,0.038,0.038,77,0
LHM,20170119,0.038,0.038,0.038,0.038,0,0
LHM,20170120,0.038,0.038,0.038,0.038,0,0
LHM,20170123,0.038,0.038,0.038,0.038,0,0
LHM,20170124,0.038,0.038,0.038,0.038,0,0
LHM,20170125,0.038,0.038,0.038,0.038,0,0
LHM,20170126,0.038,0.038,0.038,0.038,0,0
LHM,20170127,0.038,0.038,0.038,0.038,0,0
LHM,20170130,0.038,0.038,0.038,0.038,0,0
LHM,20170131,0.038,0.038,0.038,0.038,0,0
LHM,20170201,0.038,0.038,0.038,0.038,0,0
LHM,20170202,0.038,0.038,0.038,0.038,126,0
LHM,20170203,0.038,0.038,0.038,0.038,0,0
LHM,20170206,0.038,0.038,0.038,0.038,0,0
LHM,20170207,0.038,0.038,0.038,0.038,0,0
LHM,20170208,0.038,0.038,0.038,0.038,0,0
LHM,20170209,0.046,0.046,0.046,0.046,76,0
LHM,20170210,0.046,0.046,0.046,0.046,0,0
LHM,20170213,0.046,0.046,0.046,0.046,0,0
LHM,20170214,0.046,0.046,0.046,0.046,0,0
LHM,20170215,0.046,0.046,0.046,0.046,0,0
LHM,20170216,0.046,0.046,0.046,0.046,0,0
LHM,20170217,0.046,0.046,0.046,0.046,0,0
LHM,20170220,0.046,0.046,0.046,0.046,0,0
LHM,20170221,0.046,0.046,0.046,0.046,0,0
LHM,20170222,0.046,0.046,0.046,0.046,0,0
LHM,20170223,0.046,0.046,0.046,0.046,0,0
LHM,20170224,0.046,0.046,0.046,0.046,0,0
LHM,20170227,0.046,0.046,0.046,0.046,0,0
LHM,20170228,0.046,0.046,0.046,0.046,0,0
LHM,20170301,0.046,0.046,0.046,0.046,0,0
LHM,20170302,0.046,0.046,0.046,0.046,0,0
LHM,20170303,0.038,0.038,0.038,0.038,46,0
LHM,20170306,0.038,0.038,0.038,0.038,0,0
LHM,20170307,0.038,0.038,0.038,0.038,0,0
LHM,20170308,0.038,0.038,0.038,0.038,0,0
LHM,20170309,0.038,0.038,0.038,0.038,0,0
LHM,20170310,0.038,0.038,0.038,0.038,0,0
LHM,20170313,0.038,0.038,0.038,0.038,0,0
LHM,20170314,0.038,0.038,0.038,0.038,0,0
LHM,20170315,0.038,0.038,0.038,0.038,0,0
LHM,20170316,0.038,0.038,0.038,0.038,0,0
LHM,20170317,0.038,0.038,0.038,0.038,0,0
LHM,20170320,0.038,0.038,0.038,0.038,0,0
LHM,20170321,0.038,0.038,0.038,0.038,0,0
LHM,20170322,0.038,0.038,0.038,0.038,0,0
LHM,20170323,0.038,0.038,0.038,0.038,0,0
LHM,20170324,0.038,0.038,0.038,0.038,0,0
LHM,20170327,0.038,0.038,0.038,0.038,0,0
LHM,20170328,0.038,0.038,0.038,0.038,0,0
LHM,20170329,0.038,0.038,0.038,0.038,0,0
LHM,20170330,0.038,0.038,0.038,0.038,0,0
LHM,20170331,0.038,0.038,0.038,0.038,0,0
LHM,20170403,0.038,0.038,0.038,0.038,0,0
LHM,20170404,0.038,0.038,0.038,0.038,0,0
LHM,20170405,0.038,0.038,0.038,0.038,5,0
LHM,20170406,0.038,0.038,0.038,0.038,0,0
LHM,20170407,0.038,0.038,0.038,0.038,0,0
LHM,20170410,0.038,0.038,0.038,0.038,0,0
LHM,20170411,0.038,0.038,0.038,0.038,0,0
LHM,20170412,0.038,0.038,0.038,0.038,0,0
LHM,20170413,0.038,0.038,0.038,0.038,0,0
LHM,20170414,0.038,0.038,0.038,0.038,0,0
LHM,20170417,0.038,0.038,0.038,0.038,0,0
LHM,20170418,0.046,0.046,0.046,0.046,50000,0
LHM,20170419,0.046,0.046,0.046,0.046,0,0
LHM,20170420,0.046,0.046,0.046,0.046,0,0
LHM,20170421,0.046,0.046,0.046,0.046,0,0
LHM,20170424,0.046,0.046,0.046,0.046,0,0
LHM,20170425,0.046,0.046,0.046,0.046,0,0
LHM,20170426,0.046,0.046,0.046,0.046,0,0
LHM,20170427,0.046,0.046,0.046,0.046,0,0
LHM,20170428,0.042,0.042,0.042,0.042,19995,0
LHM,20170501,0.042,0.042,0.042,0.042,0,0
LHM,20170502,0.042,0.042,0.042,0.042,0,0
LHM,20170503,0.042,0.042,0.042,0.042,0,0
LHM,20170504,0.042,0.042,0.042,0.042,0,0
LHM,20170505,0.042,0.042,0.042,0.042,0,0
LHM,20170508,0.042,0.042,0.042,0.042,0,0
LHM,20170509,0.042,0.042,0.042,0.042,0,0
LHM,20170510,0.042,0.042,0.042,0.042,0,0
LHM,20170511,0.042,0.042,0.042,0.042,0,0
LHM,20170512,0.042,0.042,0.042,0.042,0,0
LHM,20170515,0.042,0.042,0.042,0.042,0,0
LHM,20170516,0.042,0.042,0.042,0.042,0,0
LHM,20170517,0.042,0.042,0.042,0.042,0,0
LHM,20170518,0.042,0.042,0.042,0.042,0,0
LHM,20170519,0.042,0.042,0.042,0.042,0,0
LHM,20170522,0.042,0.042,0.042,0.042,0,0
LHM,20170523,0.042,0.042,0.042,0.042,0,0
LHM,20170524,0.042,0.042,0.042,0.042,0,0
LHM,20170525,0.042,0.042,0.042,0.042,0,0
LHM,20170526,0.042,0.042,0.042,0.042,0,0
LHM,20170529,0.042,0.042,0.042,0.042,0,0
LHM,20170530,0.042,0.042,0.042,0.042,0,0
LHM,20170531,0.042,0.042,0.042,0.042,0,0
LHM,20170601,0.042,0.042,0.042,0.042,0,0
LHM,20170602,0.042,0.042,0.042,0.042,0,0
LHM,20170605,0.042,0.042,0.042,0.042,0,0
LHM,20170606,0.042,0.042,0.042,0.042,0,0
LHM,20170607,0.042,0.042,0.042,0.042,0,0
LHM,20170608,0.042,0.042,0.042,0.042,0,0
LHM,20170609,0.042,0.042,0.042,0.042,0,0
LHM,20170612,0.042,0.042,0.042,0.042,0,0
LHM,20170613,0.042,0.042,0.042,0.042,0,0
LHM,20170614,0.042,0.042,0.042,0.042,0,0
LHM,20170615,0.042,0.042,0.042,0.042,0,0
LHM,20170616,0.042,0.042,0.042,0.042,0,0
LHM,20170619,0.042,0.042,0.042,0.042,0,0
LHM,20170620,0.042,0.042,0.042,0.042,0,0
LHM,20170621,0.042,0.042,0.042,0.042,0,0
LHM,20170622,0.042,0.042,0.042,0.042,0,0
LHM,20170623,0.042,0.042,0.042,0.042,0,0
LHM,20170626,0.042,0.042,0.042,0.042,0,0
LHM,20170627,0.042,0.042,0.042,0.042,0,0
LHM,20170628,0.042,0.042,0.042,0.042,0,0
LHM,20170629,0.042,0.042,0.042,0.042,0,0
LHM,20170630,0.042,0.042,0.042,0.042,0,0
LHM,20170703,0.042,0.042,0.042,0.042,0,0
LHM,20170704,0.042,0.042,0.042,0.042,0,0
LHM,20170705,0.042,0.042,0.042,0.042,0,0
LHM,20170706,0.042,0.042,0.042,0.042,0,0
LHM,20170707,0.042,0.042,0.042,0.042,0,0
LHM,20170710,0.042,0.042,0.042,0.042,0,0
LHM,20170711,0.042,0.042,0.042,0.042,0,0
LHM,20170712,0.021,0.021,0.021,0.021,20042,0
LHM,20170713,0.021,0.021,0.021,0.021,0,0
LHM,20170714,0.021,0.021,0.021,0.021,0,0
LHM,20170717,0.021,0.021,0.021,0.021,0,0
LHM,20170718,0.021,0.021,0.021,0.021,0,0
LHM,20170719,0.021,0.021,0.021,0.021,0,0
LHM,20170720,0.021,0.021,0.021,0.021,0,0
LHM,20170721,0.021,0.021,0.021,0.021,0,0
LHM,20170724,0.033,0.033,0.033,0.033,100000,0
LHM,20170725,0.033,0.033,0.033,0.033,0,0
LHM,20170726,0.035,0.035,0.035,0.035,356986,0
LHM,20170727,0.036,0.036,0.036,0.036,100000,0
LHM,20170728,0.036,0.036,0.036,0.036,200000,0
LHM,20170731,0.038,0.038,0.038,0.038,100000,0
LHM,20170801,0.036,0.036,0.036,0.036,200000,0
LHM,20170802,0.036,0.036,0.036,0.036,0,0
LHM,20170803,0.036,0.036,0.036,0.036,0,0
LHM,20170804,0.035,0.035,0.035,0.035,200000,0
LHM,20170807,0.035,0.036,0.035,0.036,300000,0
LHM,20170808,0.035,0.035,0.035,0.035,100000,0
LHM,20170809,0.035,0.035,0.035,0.035,0,0
LHM,20170810,0.035,0.035,0.035,0.035,0,0
LHM,20170811,0.032,0.032,0.032,0.032,25000,0
LHM,20170814,0.032,0.032,0.032,0.032,0,0
LHM,20170815,0.032,0.032,0.032,0.032,0,0
LHM,20170816,0.032,0.032,0.032,0.032,0,0
LHM,20170817,0.032,0.032,0.032,0.032,0,0
LHM,20170818,0.032,0.032,0.032,0.032,0,0
LHM,20170821,0.035,0.035,0.034,0.034,102628,0
LHM,20170822,0.031,0.034,0.031,0.034,200000,0
LHM,20170823,0.035,0.035,0.035,0.035,180000,0
LHM,20170824,0.035,0.036,0.035,0.036,151404,0
LHM,20170825,0.036,0.036,0.036,0.036,0,0
LHM,20170828,0.036,0.036,0.036,0.036,0,0
LHM,20170829,0.036,0.036,0.036,0.036,0,0
LHM,20170830,0.031,0.031,0.031,0.031,200000,0
LHM,20170831,0.031,0.031,0.031,0.031,0,0
LHM,20170901,0.031,0.031,0.031,0.031,0,0
LHM,20170904,0.031,0.031,0.031,0.031,0,0
LHM,20170905,0.031,0.031,0.031,0.031,0,0
LHM,20170906,0.031,0.031,0.031,0.031,0,0
LHM,20170907,0.031,0.031,0.031,0.031,0,0
LHM,20170908,0.031,0.031,0.031,0.031,0,0
LHM,20170911,0.031,0.031,0.031,0.031,0,0
LHM,20170912,0.031,0.031,0.03,0.03,298478,0
LHM,20170913,0.03,0.03,0.03,0.03,0,0
LHM,20170914,0.03,0.03,0.03,0.03,0,0
LHM,20170915,0.03,0.03,0.03,0.03,0,0
LHM,20170918,0.03,0.03,0.03,0.03,0,0
LHM,20170919,0.03,0.03,0.03,0.03,0,0
LHM,20170920,0.03,0.03,0.03,0.03,0,0
LHM,20170921,0.03,0.03,0.03,0.03,0,0
LHM,20170922,0.03,0.03,0.03,0.03,0,0
LHM,20170925,0.03,0.03,0.03,0.03,0,0
LHM,20170926,0.033,0.033,0.033,0.033,11319,0
LHM,20170927,0.034,0.034,0.029,0.029,103824,0
LHM,20170928,0.029,0.029,0.029,0.029,0,0
LHM,20170929,0.029,0.029,0.029,0.029,0,0
LHM,20171002,0.029,0.029,0.029,0.029,0,0
LHM,20171003,0.031,0.032,0.03,0.03,350000,0
LHM,20171004,0.03,0.03,0.03,0.03,0,0
LHM,20171005,0.03,0.03,0.03,0.03,200000,0
LHM,20171006,0.03,0.03,0.03,0.03,0,0
LHM,20171009,0.03,0.03,0.03,0.03,0,0
LHM,20171010,0.03,0.03,0.03,0.03,0,0
LHM,20171011,0.03,0.03,0.03,0.03,0,0
LHM,20171012,0.03,0.03,0.03,0.03,100000,0
LHM,20171013,0.03,0.03,0.03,0.03,100000,0
LHM,20171016,0.03,0.03,0.03,0.03,0,0
LHM,20171017,0.03,0.03,0.03,0.03,100000,0
LHM,20171018,0.03,0.03,0.03,0.03,0,0
LHM,20171019,0.03,0.03,0.03,0.03,100000,0
LHM,20171020,0.03,0.03,0.03,0.03,0,0
LHM,20171023,0.03,0.03,0.03,0.03,0,0
LHM,20171024,0.03,0.03,0.03,0.03,0,0
LHM,20171025,0.03,0.03,0.03,0.03,100000,0
LHM,20171026,0.03,0.03,0.03,0.03,0,0
LHM,20171027,0.03,0.03,0.03,0.03,0,0
LHM,20171030,0.03,0.03,0.03,0.03,0,0
LHM,20171031,0.028,0.028,0.026,0.026,1471919,0
LHM,20171101,0.03,0.03,0.03,0.03,100000,0
LHM,20171102,0.03,0.03,0.03,0.03,0,0
LHM,20171103,0.03,0.03,0.03,0.03,0,0
LHM,20171106,0.03,0.03,0.03,0.03,0,0
LHM,20171107,0.03,0.03,0.03,0.03,0,0
LHM,20171108,0.03,0.03,0.03,0.03,0,0
LHM,20171109,0.03,0.03,0.03,0.03,100000,0
LHM,20171110,0.03,0.03,0.03,0.03,12819,0
LHM,20171113,0.03,0.03,0.03,0.03,0,0
LHM,20171114,0.03,0.03,0.03,0.03,0,0
LHM,20171115,0.03,0.03,0.03,0.03,0,0
LHM,20171116,0.03,0.03,0.03,0.03,0,0
LHM,20171117,0.03,0.03,0.028,0.028,139727,0
LHM,20171120,0.028,0.028,0.028,0.028,0,0
LHM,20171121,0.028,0.028,0.028,0.028,0,0
LHM,20171122,0.028,0.028,0.028,0.028,0,0
LHM,20171123,0.031,0.031,0.031,0.031,100000,0
LHM,20171124,0.031,0.031,0.031,0.031,0,0
LHM,20171127,0.031,0.031,0.031,0.031,0,0
LHM,20171128,0.031,0.031,0.031,0.031,0,0
LHM,20171129,0.031,0.031,0.031,0.031,0,0
LHM,20171130,0.031,0.031,0.031,0.031,100000,0
LHM,20171201,0.031,0.031,0.031,0.031,0,0
LHM,20171204,0.031,0.031,0.031,0.031,0,0
LHM,20171205,0.031,0.031,0.031,0.031,0,0
LHM,20171206,0.031,0.031,0.031,0.031,0,0
LHM,20171207,0.031,0.031,0.031,0.031,0,0
LHM,20171208,0.032,0.032,0.032,0.032,100000,0
LHM,20171211,0.032,0.032,0.032,0.032,0,0
LHM,20171212,0.032,0.032,0.032,0.032,100000,0
LHM,20171213,0.032,0.032,0.032,0.032,0,0
LHM,20171214,0.032,0.032,0.032,0.032,0,0
LHM,20171215,0.032,0.032,0.032,0.032,0,0
LHM,20171218,0.032,0.032,0.032,0.032,100000,0
LHM,20171219,0.032,0.032,0.032,0.032,100000,0
LHM,20171220,0.031,0.032,0.031,0.032,100000,0
LHM,20171221,0.032,0.032,0.032,0.032,100000,0
LHM,20171222,0.032,0.032,0.032,0.032,0,0
LHM,20171225,0.032,0.032,0.032,0.032,0,0
LHM,20171226,0.032,0.032,0.032,0.032,0,0
LHM,20171227,0.032,0.032,0.032,0.032,100000,0
LHM,20171228,0.032,0.033,0.032,0.033,80000,0
LHM,20171229,0.032,0.034,0.032,0.034,180000,0
LHM,20180101,0.034,0.034,0.034,0.034,0,0
LHM,20180102,0.032,0.034,0.032,0.034,80000,0
LHM,20180103,0.032,0.035,0.032,0.035,250000,0
LHM,20180104,0.032,0.032,0.032,0.032,95625,0
LHM,20180105,0.032,0.035,0.032,0.035,100000,0
LHM,20180108,0.035,0.035,0.035,0.035,0,0
LHM,20180109,0.032,0.035,0.032,0.035,80000,0
LHM,20180110,0.032,0.032,0.032,0.032,120000,0
LHM,20180111,0.03,0.032,0.03,0.032,150000,0
LHM,20180112,0.032,0.033,0.032,0.032,180000,0
LHM,20180115,0.032,0.032,0.032,0.032,0,0
LHM,20180116,0.032,0.032,0.032,0.032,0,0
LHM,20180117,0.029,0.029,0.029,0.029,50000,0
LHM,20180118,0.029,0.029,0.029,0.029,0,0
LHM,20180119,0.029,0.029,0.029,0.029,0,0
LHM,20180122,0.029,0.029,0.029,0.029,0,0
LHM,20180123,0.029,0.029,0.029,0.029,0,0
LHM,20180124,0.029,0.029,0.029,0.029,0,0
LHM,20180125,0.029,0.029,0.029,0.029,0,0
LHM,20180126,0.029,0.029,0.029,0.029,0,0
LHM,20180129,0.029,0.029,0.029,0.029,0,0
LHM,20180130,0.029,0.029,0.029,0.029,0,0
LHM,20180131,0.029,0.029,0.029,0.029,0,0
LHM,20180201,0.029,0.029,0.029,0.029,0,0
LHM,20180202,0.029,0.029,0.029,0.029,0,0
LHM,20180205,0.029,0.029,0.029,0.029,0,0
LHM,20180206,0.029,0.029,0.029,0.029,0,0
LHM,20180207,0.029,0.029,0.029,0.029,0,0
LHM,20180208,0.029,0.029,0.029,0.029,0,0
LHM,20180209,0.029,0.029,0.029,0.029,0,0
LHM,20180212,0.029,0.029,0.029,0.029,0,0
LHM,20180213,0.029,0.029,0.029,0.029,0,0
LHM,20180214,0.026,0.027,0.026,0.027,200083,0
LHM,20180215,0.027,0.027,0.027,0.027,0,0
LHM,20180216,0.027,0.027,0.027,0.027,0,0
LHM,20180219,0.027,0.027,0.027,0.027,0,0
LHM,20180220,0.027,0.027,0.027,0.027,0,0
LHM,20180221,0.029,0.029,0.026,0.026,249000,0
LHM,20180222,0.026,0.026,0.026,0.026,0,0
LHM,20180223,0.028,0.028,0.027,0.027,100000,0
LHM,20180226,0.026,0.026,0.026,0.026,157829,0
LHM,20180227,0.026,0.026,0.026,0.026,0,0
LHM,20180228,0.026,0.026,0.026,0.026,0,0
LHM,20180301,0.026,0.026,0.026,0.026,0,0
LHM,20180302,0.025,0.025,0.024,0.024,300000,0
LHM,20180305,0.026,0.026,0.025,0.025,102629,0
LHM,20180306,0.025,0.025,0.025,0.025,0,0
LHM,20180307,0.02,0.02,0.02,0.02,115,0
LHM,20180308,0.02,0.02,0.02,0.02,0,0
LHM,20180309,0.02,0.02,0.02,0.02,0,0
LHM,20180312,0.02,0.02,0.02,0.02,0,0
LHM,20180313,0.024,0.024,0.023,0.023,300000,0
LHM,20180314,0.023,0.023,0.023,0.023,0,0
LHM,20180315,0.023,0.023,0.023,0.023,0,0
LHM,20180316,0.023,0.023,0.023,0.023,0,0
LHM,20180319,0.023,0.023,0.023,0.023,0,0
LHM,20180320,0.023,0.023,0.023,0.023,0,0
LHM,20180321,0.023,0.023,0.023,0.023,0,0
LHM,20180322,0.023,0.023,0.023,0.023,0,0
LHM,20180323,0.023,0.023,0.023,0.023,0,0
LHM,20180326,0.023,0.023,0.023,0.023,0,0
LHM,20180327,0.023,0.023,0.023,0.023,0,0
LHM,20180328,0.023,0.023,0.023,0.023,0,0
LHM,20180329,0.023,0.023,0.023,0.023,0,0
LHM,20180330,0.023,0.023,0.023,0.023,0,0
LHM,20180402,0.023,0.023,0.023,0.023,0,0
LHM,20180403,0.023,0.023,0.023,0.023,0,0
LHM,20180404,0.023,0.023,0.023,0.023,0,0
LHM,20180405,0.023,0.023,0.023,0.023,0,0
LHM,20180406,0.023,0.023,0.023,0.023,0,0
LHM,20180409,0.023,0.023,0.023,0.023,0,0
LHM,20180410,0.018,0.022,0.018,0.022,350000,0
LHM,20180411,0.021,0.021,0.02,0.02,205250,0
LHM,20180412,0.022,0.022,0.022,0.022,100000,0
LHM,20180413,0.022,0.022,0.022,0.022,0,0
LHM,20180416,0.019,0.022,0.018,0.022,110000,0
LHM,20180417,0.022,0.022,0.022,0.022,0,0
LHM,20180418,0.024,0.024,0.023,0.023,105689,0
LHM,20180419,0.024,0.024,0.023,0.023,112066,0
LHM,20180420,0.024,0.024,0.024,0.024,100000,0
LHM,20180423,0.024,0.024,0.024,0.024,0,0
LHM,20180424,0.024,0.024,0.024,0.024,0,0
LHM,20180425,0.024,0.024,0.024,0.024,0,0
LHM,20180426,0.024,0.024,0.024,0.024,0,0
LHM,20180427,0.025,0.025,0.025,0.025,100000,0
LHM,20180430,0.025,0.025,0.025,0.025,0,0
LHM,20180501,0.025,0.025,0.025,0.025,0,0
LHM,20180502,0.025,0.025,0.025,0.025,0,0
LHM,20180503,0.025,0.025,0.025,0.025,0,0
LHM,20180504,0.025,0.025,0.025,0.025,0,0
LHM,20180507,0.024,0.024,0.023,0.023,115140,0
LHM,20180508,0.025,0.025,0.024,0.024,118620,0
LHM,20180509,0.024,0.024,0.024,0.024,0,0
LHM,20180510,0.024,0.024,0.024,0.024,0,0
LHM,20180511,0.024,0.024,0.024,0.024,0,0
LHM,20180514,0.024,0.024,0.024,0.024,0,0
LHM,20180515,0.025,0.025,0.025,0.025,100000,0
LHM,20180516,0.025,0.025,0.025,0.025,0,0
LHM,20180517,0.025,0.025,0.025,0.025,0,0
LHM,20180518,0.025,0.025,0.025,0.025,0,0
LHM,20180521,0.026,0.026,0.026,0.026,80000,0
LHM,20180522,0.026,0.026,0.026,0.026,0,0
LHM,20180523,0.025,0.025,0.025,0.025,4000,0
LHM,20180524,0.025,0.025,0.025,0.025,0,0
LHM,20180525,0.024,0.024,0.024,0.024,3999,0
LHM,20180528,0.024,0.024,0.024,0.024,0,0
LHM,20180529,0.024,0.024,0.024,0.024,0,0
LHM,20180530,0.022,0.022,0.022,0.022,1,0
LHM,20180531,0.022,0.022,0.022,0.022,0,0
LHM,20180601,0.025,0.025,0.023,0.023,161689,0
LHM,20180604,0.023,0.023,0.023,0.023,20000,0
LHM,20180605,0.025,0.025,0.024,0.025,191862,0
LHM,20180606,0.025,0.025,0.025,0.025,0,0
LHM,20180607,0.024,0.024,0.024,0.024,23333,0
LHM,20180608,0.025,0.025,0.025,0.025,80000,0
LHM,20180611,0.025,0.025,0.025,0.025,0,0
LHM,20180612,0.025,0.025,0.025,0.025,0,0
LHM,20180613,0.025,0.025,0.025,0.025,0,0
LHM,20180614,0.025,0.025,0.025,0.025,100000,0
LHM,20180615,0.025,0.025,0.025,0.025,0,0
LHM,20180618,0.025,0.025,0.025,0.025,0,0
LHM,20180619,0.025,0.025,0.025,0.025,0,0
LHM,20180620,0.025,0.025,0.025,0.025,0,0
LHM,20180621,0.025,0.025,0.025,0.025,0,0
LHM,20180622,0.025,0.025,0.025,0.025,80000,0
LHM,20180625,0.025,0.025,0.025,0.025,0,0
LHM,20180626,0.025,0.025,0.025,0.025,0,0
LHM,20180627,0.026,0.026,0.026,0.026,5535,0
LHM,20180628,0.026,0.026,0.026,0.026,0,0
LHM,20180629,0.025,0.028,0.025,0.028,6465,0
LHM,20180702,0.026,0.026,0.026,0.026,20000,0
LHM,20180703,0.026,0.026,0.026,0.026,0,0
LHM,20180704,0.026,0.026,0.026,0.026,0,0
LHM,20180705,0.026,0.026,0.026,0.026,0,0
LHM,20180706,0.024,0.024,0.024,0.024,80000,0
LHM,20180709,0.024,0.024,0.024,0.024,0,0
LHM,20180710,0.024,0.024,0.024,0.024,0,0
LHM,20180711,0.024,0.024,0.024,0.024,0,0
LHM,20180712,0.024,0.024,0.024,0.024,0,0
LHM,20180713,0.024,0.024,0.024,0.024,0,0
LHM,20180716,0.024,0.024,0.024,0.024,0,0
LHM,20180717,0.024,0.024,0.024,0.024,0,0
LHM,20180718,0.024,0.024,0.024,0.024,0,0
LHM,20180719,0.025,0.025,0.025,0.025,100000,0
LHM,20180720,0.025,0.025,0.025,0.025,0,0
LHM,20180723,0.025,0.025,0.025,0.025,0,0
LHM,20180724,0.025,0.025,0.025,0.025,0,0
LHM,20180725,0.025,0.025,0.025,0.025,0,0
LHM,20180726,0.025,0.025,0.025,0.025,0,0
LHM,20180727,0.025,0.025,0.025,0.025,0,0
LHM,20180730,0.025,0.025,0.025,0.025,0,0
LHM,20180731,0.025,0.025,0.025,0.025,0,0
LHM,20180801,0.025,0.025,0.025,0.025,0,0
LHM,20180802,0.025,0.025,0.025,0.025,0,0
LHM,20180803,0.025,0.026,0.025,0.026,82481,0
LHM,20180806,0.026,0.026,0.026,0.026,0,0
LHM,20180807,0.026,0.026,0.026,0.026,0,0
LHM,20180808,0.026,0.026,0.026,0.026,0,0
LHM,20180809,0.026,0.026,0.026,0.026,0,0
LHM,20180810,0.026,0.026,0.026,0.026,0,0
LHM,20180813,0.026,0.026,0.026,0.026,0,0
LHM,20180814,0.026,0.026,0.026,0.026,0,0
LHM,20180815,0.026,0.026,0.026,0.026,0,0
LHM,20180816,0.026,0.026,0.026,0.026,0,0
LHM,20180817,0.026,0.026,0.026,0.026,0,0
LHM,20180820,0.026,0.026,0.026,0.026,0,0
LHM,20180821,0.026,0.026,0.026,0.026,0,0
LHM,20180822,0.026,0.026,0.026,0.026,0,0
LHM,20180823,0.026,0.026,0.026,0.026,0,0
LHM,20180824,0.026,0.026,0.026,0.026,0,0
LHM,20180827,0.026,0.026,0.026,0.026,0,0
LHM,20180828,0.025,0.025,0.025,0.025,91,0
LHM,20180829,0.025,0.025,0.025,0.025,0,0
LHM,20180830,0.025,0.025,0.025,0.025,0,0
LHM,20180831,0.025,0.025,0.025,0.025,0,0
LHM,20180903,0.025,0.025,0.025,0.025,0,0
LHM,20180904,0.025,0.025,0.025,0.025,0,0
LHM,20180905,0.025,0.025,0.025,0.025,0,0
LHM,20180906,0.025,0.025,0.025,0.025,0,0
LHM,20180907,0.025,0.025,0.025,0.025,0,0
LHM,20180910,0.025,0.025,0.025,0.025,0,0
LHM,20180911,0.025,0.025,0.025,0.025,0,0
LHM,20180912,0.025,0.025,0.025,0.025,0,0
LHM,20180913,0.025,0.025,0.025,0.025,0,0
LHM,20180914,0.025,0.025,0.025,0.025,0,0
LHM,20180917,0.025,0.025,0.025,0.025,0,0
LHM,20180918,0.025,0.025,0.025,0.025,0,0
LHM,20180919,0.025,0.025,0.025,0.025,0,0
LHM,20180920,0.025,0.025,0.025,0.025,0,0
LHM,20180921,0.025,0.025,0.025,0.025,0,0
LHM,20180924,0.025,0.025,0.025,0.025,0,0
LHM,20180925,0.025,0.025,0.025,0.025,0,0
LHM,20180926,0.025,0.025,0.025,0.025,0,0
LHM,20180927,0.025,0.025,0.025,0.025,0,0
LHM,20180928,0.025,0.025,0.025,0.025,0,0
LHM,20181001,0.025,0.025,0.025,0.025,0,0
LHM,20181002,0.025,0.025,0.025,0.025,0,0
LHM,20181003,0.025,0.025,0.025,0.025,0,0
LHM,20181004,0.025,0.025,0.025,0.025,0,0
LHM,20181005,0.025,0.025,0.025,0.025,0,0
LHM,20181008,0.025,0.025,0.025,0.025,0,0
LHM,20181009,0.025,0.025,0.025,0.025,0,0
LHM,20181010,0.025,0.025,0.025,0.025,0,0
LHM,20181011,0.025,0.025,0.025,0.025,0,0
LHM,20181012,0.025,0.025,0.025,0.025,0,0
LHM,20181015,0.025,0.025,0.025,0.025,0,0
LHM,20181016,0.025,0.025,0.025,0.025,0,0
LHM,20181017,0.018,0.018,0.018,0.018,165251,0
LHM,20181018,0.018,0.018,0.018,0.018,0,0
LHM,20181019,0.018,0.018,0.018,0.018,0,0
LHM,20181022,0.018,0.018,0.018,0.018,0,0
LHM,20181023,0.018,0.018,0.018,0.018,0,0
LHM,20181024,0.018,0.018,0.018,0.018,0,0
LHM,20181025,0.018,0.018,0.018,0.018,0,0
LHM,20181026,0.018,0.018,0.018,0.018,0,0
LHM,20181029,0.018,0.018,0.018,0.018,0,0
LHM,20181030,0.018,0.018,0.018,0.018,0,0
LHM,20181031,0.018,0.018,0.018,0.018,0,0
LHM,20181101,0.018,0.018,0.018,0.018,0,0
LHM,20181102,0.018,0.018,0.018,0.018,200000,0
LHM,20181105,0.018,0.018,0.018,0.018,0,0
LHM,20181106,0.018,0.018,0.018,0.018,0,0
LHM,20181107,0.018,0.018,0.018,0.018,0,0
LHM,20181108,0.018,0.018,0.018,0.018,0,0
LHM,20181109,0.018,0.018,0.018,0.018,0,0
LHM,20181112,0.018,0.018,0.018,0.018,0,0
LHM,20181113,0.018,0.018,0.018,0.018,0,0
LHM,20181114,0.018,0.018,0.018,0.018,0,0
LHM,20181115,0.018,0.018,0.018,0.018,0,0
LHM,20181116,0.018,0.018,0.018,0.018,0,0
LHM,20181119,0.018,0.018,0.018,0.018,0,0
LHM,20181120,0.018,0.018,0.018,0.018,0,0
LHM,20181121,0.018,0.018,0.018,0.018,0,0
LHM,20181122,0.018,0.018,0.018,0.018,0,0
LHM,20181123,0.018,0.018,0.018,0.018,0,0
LHM,20181126,0.018,0.018,0.018,0.018,0,0
LHM,20181127,0.018,0.018,0.018,0.018,0,0
LHM,20181128,0.018,0.018,0.018,0.018,0,0
LHM,20181129,0.018,0.018,0.018,0.018,0,0
LHM,20181130,0.018,0.018,0.018,0.018,0,0
LHM,20181203,0.018,0.018,0.018,0.018,0,0
LHM,20181204,0.018,0.018,0.018,0.018,0,0
LHM,20181205,0.018,0.018,0.018,0.018,0,0
LHM,20181206,0.017,0.017,0.017,0.017,58000,0
LHM,20181207,0.017,0.017,0.017,0.017,0,0
LHM,20181210,0.017,0.017,0.017,0.017,0,0
LHM,20181211,0.017,0.017,0.017,0.017,0,0
LHM,20181212,0.017,0.017,0.017,0.017,0,0
LHM,20181213,0.017,0.017,0.017,0.017,0,0
LHM,20181214,0.017,0.017,0.017,0.017,0,0
LHM,20181217,0.017,0.017,0.017,0.017,0,0
LHM,20181218,0.017,0.017,0.017,0.017,0,0
LHM,20181219,0.017,0.017,0.017,0.017,0,0
LHM,20181220,0.017,0.017,0.017,0.017,0,0
LHM,20181221,0.017,0.017,0.017,0.017,0,0
LHM,20181224,0.017,0.017,0.017,0.017,0,0
LHM,20181225,0.017,0.017,0.017,0.017,0,0
LHM,20181226,0.017,0.017,0.017,0.017,0,0
LHM,20181227,0.017,0.017,0.017,0.017,0,0
LHM,20181228,0.017,0.017,0.017,0.017,0,0
LHM,20181231,0.017,0.017,0.017,0.017,0,0
LHM,20190101,0.017,0.017,0.017,0.017,0,0
LHM,20190102,0.017,0.017,0.017,0.017,0,0
LHM,20190103,0.017,0.017,0.017,0.017,0,0
LHM,20190104,0.017,0.017,0.017,0.017,0,0
LHM,20190107,0.017,0.017,0.017,0.017,0,0
LHM,20190108,0.017,0.017,0.017,0.017,0,0
LHM,20190109,0.017,0.017,0.017,0.017,0,0
LHM,20190110,0.017,0.017,0.017,0.017,0,0
LHM,20190111,0.017,0.017,0.017,0.017,0,0
LHM,20190114,0.017,0.017,0.017,0.017,0,0
LHM,20190115,0.014,0.014,0.014,0.014,69,0
LHM,20190116,0.014,0.014,0.014,0.014,0,0
LHM,20190117,0.014,0.014,0.014,0.014,0,0
LHM,20190118,0.014,0.014,0.014,0.014,0,0
LHM,20190121,0.014,0.014,0.014,0.014,69931,0
LHM,20190122,0.014,0.014,0.014,0.014,0,0
LHM,20190123,0.014,0.014,0.014,0.014,0,0
LHM,20190124,0.013,0.013,0.013,0.013,4,0
LHM,20190125,0.013,0.013,0.013,0.013,0,0
LHM,20190128,0.013,0.013,0.013,0.013,0,0
LHM,20190129,0.013,0.013,0.013,0.013,0,0
LHM,20190130,0.013,0.013,0.013,0.013,0,0
LHM,20190131,0.013,0.013,0.013,0.013,0,0
LHM,20190201,0.013,0.013,0.013,0.013,0,0
LHM,20190204,0.013,0.013,0.013,0.013,0,0
LHM,20190205,0.013,0.013,0.013,0.013,0,0
LHM,20190206,0.013,0.013,0.013,0.013,0,0
LHM,20190207,0.013,0.013,0.013,0.013,0,0
LHM,20190208,0.013,0.013,0.013,0.013,0,0
LHM,20190211,0.013,0.013,0.013,0.013,50136,0
LHM,20190212,0.013,0.013,0.013,0.013,0,0
LHM,20190213,0.013,0.013,0.013,0.013,0,0
LHM,20190214,0.013,0.013,0.013,0.013,0,0
LHM,20190215,0.013,0.013,0.013,0.013,0,0
LHM,20190218,0.013,0.013,0.013,0.013,92,0
LHM,20190219,0.013,0.013,0.013,0.013,0,0
LHM,20190220,0.013,0.013,0.013,0.013,0,0
LHM,20190221,0.013,0.013,0.013,0.013,41,0
LHM,20190222,0.013,0.013,0.013,0.013,0,0
LHM,20190225,0.013,0.013,0.013,0.013,0,0
LHM,20190226,0.013,0.013,0.013,0.013,0,0
LHM,20190227,0.013,0.013,0.013,0.013,0,0
LHM,20190228,0.013,0.013,0.013,0.013,0,0
LHM,20190301,0.013,0.013,0.013,0.013,0,0
LHM,20190304,0.013,0.013,0.013,0.013,0,0
LHM,20190305,0.013,0.013,0.013,0.013,0,0
LHM,20190306,0.013,0.013,0.013,0.013,0,0
LHM,20190307,0.013,0.013,0.013,0.013,0,0
LHM,20190308,0.013,0.013,0.013,0.013,0,0
LHM,20190311,0.013,0.013,0.013,0.013,0,0
LHM,20190312,0.013,0.013,0.013,0.013,0,0
LHM,20190313,0.013,0.013,0.013,0.013,0,0
LHM,20190314,0.013,0.013,0.013,0.013,0,0
LHM,20190315,0.013,0.013,0.013,0.013,0,0
LHM,20190318,0.013,0.013,0.013,0.013,0,0
LHM,20190319,0.013,0.013,0.013,0.013,0,0
LHM,20190320,0.013,0.013,0.013,0.013,0,0
LHM,20190321,0.013,0.013,0.013,0.013,0,0
LHM,20190322,0.013,0.013,0.013,0.013,0,0
LHM,20190325,0.013,0.013,0.013,0.013,0,0
LHM,20190326,0.013,0.013,0.013,0.013,0,0
LHM,20190327,0.011,0.011,0.011,0.011,104727,0
LHM,20190328,0.011,0.011,0.011,0.011,0,0
LHM,20190329,0.011,0.011,0.011,0.011,0,0
LHM,20190401,0.011,0.011,0.011,0.011,0,0
LHM,20190402,0.011,0.011,0.011,0.011,0,0
LHM,20190403,0.011,0.011,0.011,0.011,0,0
LHM,20190404,0.011,0.011,0.011,0.011,0,0
LHM,20190405,0.014,0.014,0.014,0.014,345,0
LHM,20190408,0.014,0.014,0.014,0.014,0,0
LHM,20190409,0.014,0.014,0.014,0.014,0,0
LHM,20190410,0.014,0.014,0.014,0.014,0,0
LHM,20190411,0.014,0.014,0.014,0.014,0,0
LHM,20190412,0.014,0.014,0.014,0.014,0,0
LHM,20190415,0.014,0.014,0.014,0.014,0,0
LHM,20190416,0.014,0.014,0.014,0.014,0,0
LHM,20190417,0.014,0.014,0.014,0.014,0,0
LHM,20190418,0.014,0.014,0.014,0.014,0,0
LHM,20190419,0.014,0.014,0.014,0.014,0,0
LHM,20190422,0.014,0.014,0.014,0.014,0,0
LHM,20190423,0.014,0.014,0.014,0.014,0,0
LHM,20190424,0.014,0.014,0.014,0.014,0,0
LHM,20190425,0.014,0.014,0.014,0.014,0,0
LHM,20190426,0.014,0.014,0.014,0.014,0,0
LHM,20190429,0.014,0.014,0.014,0.014,0,0
LHM,20190430,0.014,0.014,0.014,0.014,0,0
LHM,20190501,0.014,0.014,0.014,0.014,0,0
LHM,20190502,0.014,0.014,0.014,0.014,0,0
LHM,20190503,0.014,0.014,0.014,0.014,0,0
LHM,20190506,0.014,0.014,0.014,0.014,0,0
LHM,20190507,0.014,0.014,0.014,0.014,0,0
LHM,20190508,0.014,0.014,0.014,0.014,0,0
LHM,20190509,0.014,0.014,0.014,0.014,0,0
LHM,20190510,0.014,0.014,0.014,0.014,0,0
LHM,20190513,0.014,0.014,0.014,0.014,0,0
LHM,20190514,0.014,0.014,0.014,0.014,0,0
LHM,20190515,0.014,0.014,0.014,0.014,0,0
LHM,20190516,0.014,0.014,0.014,0.014,0,0
LHM,20190517,0.014,0.014,0.014,0.014,0,0
LHM,20190520,0.014,0.014,0.014,0.014,0,0
LHM,20190521,0.014,0.014,0.014,0.014,0,0
LHM,20190522,0.014,0.014,0.014,0.014,0,0
LHM,20190523,0.014,0.014,0.014,0.014,0,0
LHM,20190524,0.014,0.014,0.014,0.014,0,0
LHM,20190527,0.014,0.014,0.014,0.014,0,0
LHM,20190528,0.014,0.014,0.014,0.014,0,0
LHM,20190529,0.014,0.014,0.014,0.014,0,0
LHM,20190530,0.014,0.014,0.014,0.014,0,0
LHM,20190531,0.014,0.014,0.014,0.014,0,0
LHM,20190603,0.014,0.014,0.014,0.014,0,0
LHM,20190604,0.014,0.014,0.014,0.014,0,0
LHM,20190605,0.014,0.014,0.014,0.014,0,0
LHM,20190606,0.014,0.014,0.014,0.014,0,0
LHM,20190607,0.014,0.014,0.014,0.014,0,0
LHM,20190610,0.014,0.014,0.014,0.014,0,0
LHM,20190611,0.014,0.014,0.014,0.014,0,0
LHM,20190612,0.014,0.014,0.014,0.014,0,0
LHM,20190613,0.014,0.014,0.014,0.014,0,0
LHM,20190614,0.014,0.014,0.014,0.014,0,0
LHM,20190617,0.014,0.014,0.014,0.014,0,0
LHM,20190618,0.014,0.014,0.014,0.014,0,0
LHM,20190619,0.013,0.013,0.012,0.012,200000,0
LHM,20190620,0.012,0.012,0.012,0.012,0,0
LHM,20190621,0.012,0.012,0.012,0.012,0,0
LHM,20190624,0.012,0.012,0.012,0.012,0,0
LHM,20190625,0.01,0.01,0.01,0.01,120000,0
LHM,20190626,0.01,0.01,0.01,0.01,0,0
LHM,20190627,0.009,0.009,0.009,0.009,878,0
LHM,20190628,0.009,0.009,0.009,0.009,0,0
LHM,20190701,0.009,0.009,0.009,0.009,0,0
LHM,20190702,0.009,0.009,0.009,0.009,0,0
LHM,20190703,0.009,0.009,0.009,0.009,0,0
LHM,20190704,0.009,0.009,0.009,0.009,0,0
LHM,20190705,0.009,0.009,0.009,0.009,0,0
LHM,20190708,0.009,0.009,0.009,0.009,0,0
LHM,20190709,0.009,0.009,0.009,0.009,0,0
LHM,20190710,0.009,0.009,0.009,0.009,0,0
LHM,20190711,0.009,0.009,0.009,0.009,0,0
LHM,20190712,0.009,0.009,0.009,0.009,0,0
LHM,20190715,0.009,0.009,0.009,0.009,0,0
LHM,20190716,0.009,0.009,0.009,0.009,0,0
LHM,20190717,0.009,0.009,0.009,0.009,0,0
LHM,20190718,0.009,0.009,0.009,0.009,0,0
LHM,20190719,0.009,0.009,0.009,0.009,0,0
LHM,20190722,0.009,0.009,0.009,0.009,0,0
LHM,20190723,0.009,0.009,0.009,0.009,0,0
LHM,20190724,0.009,0.009,0.009,0.009,0,0
LHM,20190725,0.009,0.009,0.009,0.009,0,0
LHM,20190726,0.009,0.009,0.009,0.009,0,0
LHM,20190729,0.009,0.009,0.009,0.009,0,0
LHM,20190730,0.009,0.009,0.009,0.009,0,0
LHM,20190731,0.009,0.009,0.009,0.009,0,0
LHM,20190801,0.009,0.009,0.009,0.009,0,0
LHM,20190802,0.009,0.009,0.009,0.009,0,0
LHM,20190805,0.009,0.009,0.009,0.009,0,0
LHM,20190806,0.009,0.009,0.009,0.009,0,0
LHM,20190807,0.009,0.009,0.009,0.009,0,0
LHM,20190808,0.009,0.009,0.009,0.009,0,0
LHM,20190809,0.009,0.009,0.009,0.009,0,0
LHM,20190812,0.009,0.009,0.009,0.009,0,0
LHM,20190813,0.009,0.009,0.009,0.009,0,0
LHM,20190814,0.009,0.009,0.009,0.009,0,0
LHM,20190815,0.009,0.009,0.009,0.009,0,0
LHM,20190816,0.009,0.009,0.009,0.009,0,0
LHM,20190819,0.009,0.009,0.009,0.009,0,0
LHM,20190820,0.009,0.009,0.009,0.009,0,0
LHM,20190821,0.009,0.009,0.009,0.009,0,0
LHM,20190822,0.009,0.009,0.009,0.009,0,0
LHM,20190823,0.009,0.009,0.009,0.009,0,0
LHM,20190826,0.009,0.009,0.009,0.009,0,0
LHM,20190827,0.009,0.009,0.009,0.009,0,0
LHM,20190828,0.009,0.009,0.009,0.009,98655,0
LHM,20190829,0.009,0.009,0.009,0.009,0,0
LHM,20190830,0.009,0.009,0.009,0.009,0,0
LHM,20190902,0.009,0.009,0.009,0.009,0,0
LHM,20190903,0.009,0.009,0.009,0.009,0,0
LHM,20190904,0.009,0.009,0.009,0.009,0,0
LHM,20190905,0.009,0.009,0.009,0.009,0,0
LHM,20190906,0.009,0.009,0.009,0.009,0,0
LHM,20190909,0.009,0.009,0.009,0.009,0,0
LHM,20190910,0.009,0.009,0.009,0.009,0,0
LHM,20190911,0.009,0.009,0.009,0.009,0,0
LHM,20190912,0.009,0.009,0.009,0.009,0,0
LHM,20190913,0.009,0.009,0.009,0.009,0,0
LHM,20190916,0.009,0.009,0.009,0.009,0,0
LHM,20190917,0.009,0.009,0.009,0.009,0,0
LHM,20190918,0.009,0.009,0.009,0.009,0,0
LHM,20190919,0.009,0.009,0.009,0.009,0,0
LHM,20190920,0.009,0.009,0.009,0.009,0,0
LHM,20190923,0.009,0.009,0.009,0.009,0,0
LHM,20190924,0.009,0.009,0.009,0.009,0,0
LHM,20190925,0.009,0.009,0.009,0.009,0,0
LHM,20190926,0.009,0.009,0.009,0.009,0,0
LHM,20190927,0.009,0.009,0.009,0.009,0,0
LHM,20190930,0.009,0.009,0.009,0.009,0,0
LHM,20191001,0.009,0.009,0.009,0.009,0,0
LHM,20191002,0.009,0.009,0.009,0.009,0,0
LHM,20191003,0.009,0.009,0.009,0.009,0,0
LHM,20191004,0.009,0.009,0.009,0.009,0,0
LHM,20191007,0.009,0.009,0.009,0.009,0,0
LHM,20191008,0.009,0.009,0.009,0.009,0,0
LHM,20191009,0.009,0.009,0.009,0.009,0,0
LHM,20191010,0.009,0.009,0.009,0.009,0,0
LHM,20191011,0.009,0.009,0.009,0.009,0,0
LHM,20191014,0.009,0.009,0.009,0.009,0,0
LHM,20191015,0.009,0.009,0.009,0.009,0,0
LHM,20191016,0.009,0.009,0.009,0.009,0,0
LHM,20191017,0.009,0.009,0.009,0.009,0,0
LHM,20191018,0.009,0.009,0.009,0.009,0,0
LHM,20191021,0.009,0.009,0.009,0.009,1,0
LHM,20191022,0.009,0.009,0.009,0.009,0,0
LHM,20191023,0.009,0.009,0.009,0.009,0,0
LHM,20191024,0.009,0.009,0.009,0.009,0,0
LHM,20191025,0.009,0.009,0.009,0.009,0,0
LHM,20191028,0.009,0.009,0.009,0.009,0,0
LHM,20191029,0.009,0.009,0.009,0.009,0,0
LHM,20191030,0.009,0.009,0.009,0.009,0,0
LHM,20191031,0.009,0.009,0.009,0.009,0,0
LHM,20191101,0.009,0.009,0.009,0.009,0,0
LHM,20191104,0.009,0.009,0.009,0.009,0,0
LHM,20191105,0.009,0.009,0.009,0.009,0,0
LHM,20191106,0.009,0.009,0.009,0.009,0,0
LHM,20191107,0.009,0.009,0.009,0.009,0,0
LHM,20191108,0.009,0.009,0.009,0.009,0,0
LHM,20191111,0.009,0.009,0.009,0.009,0,0
LHM,20191112,0.009,0.009,0.009,0.009,0,0
LHM,20191113,0.009,0.009,0.009,0.009,0,0
LHM,20191114,0.009,0.009,0.009,0.009,0,0
LHM,20191115,0.009,0.009,0.009,0.009,0,0
LHM,20191118,0.009,0.009,0.009,0.009,0,0
LHM,20191119,0.009,0.009,0.009,0.009,0,0
LHM,20191120,0.01,0.01,0.01,0.01,79001,0
LHM,20191121,0.01,0.01,0.01,0.01,0,0
LHM,20191122,0.011,0.011,0.011,0.011,80000,0
LHM,20191125,0.012,0.012,0.012,0.012,70000,0
LHM,20191126,0.012,0.012,0.012,0.012,0,0
LHM,20191127,0.007,0.007,0.007,0.007,152603,0
LHM,20191128,0.008,0.008,0.007,0.007,125124,0
LHM,20191129,0.009,0.009,0.009,0.009,35376,0
LHM,20191202,0.01,0.01,0.01,0.01,42387,0
LHM,20191203,0.01,0.01,0.01,0.01,0,0
LHM,20191204,0.01,0.01,0.01,0.01,0,0
LHM,20191205,0.011,0.011,0.011,0.011,8658,0
LHM,20191206,0.011,0.011,0.011,0.011,0,0
LHM,20191209,0.011,0.011,0.011,0.011,0,0
LHM,20191210,0.011,0.011,0.011,0.011,0,0
LHM,20191211,0.011,0.011,0.011,0.011,0,0
LHM,20191212,0.011,0.011,0.011,0.011,0,0
LHM,20191213,0.011,0.011,0.011,0.011,0,0
LHM,20191216,0.011,0.011,0.011,0.011,0,0
LHM,20191217,0.011,0.011,0.011,0.011,0,0
LHM,20191218,0.011,0.011,0.011,0.011,0,0
LHM,20191219,0.011,0.012,0.011,0.012,66948,0
LHM,20191220,0.012,0.012,0.012,0.012,0,0
LHM,20191223,0.012,0.012,0.012,0.012,0,0
LHM,20191224,0.012,0.012,0.012,0.012,0,0
LHM,20191225,0.012,0.012,0.012,0.012,0,0
LHM,20191226,0.012,0.012,0.012,0.012,0,0
LHM,20191227,0.012,0.012,0.012,0.012,0,0
LHM,20191230,0.012,0.012,0.012,0.012,0,0
LHM,20191231,0.012,0.012,0.012,0.012,0,0
LHM,20200101,0.012,0.012,0.012,0.012,0,0
LHM,20200102,0.012,0.012,0.012,0.012,0,0
LHM,20200103,0.012,0.012,0.012,0.012,0,0
LHM,20200106,0.012,0.012,0.012,0.012,0,0
LHM,20200107,0.012,0.012,0.012,0.012,0,0
LHM,20200108,0.012,0.012,0.012,0.012,0,0
LHM,20200109,0.012,0.012,0.012,0.012,0,0
LHM,20200110,0.012,0.012,0.012,0.012,0,0
LHM,20200113,0.012,0.012,0.012,0.012,0,0
LHM,20200114,0.012,0.012,0.012,0.012,0,0
LHM,20200115,0.012,0.012,0.012,0.012,0,0
LHM,20200116,0.012,0.012,0.012,0.012,0,0
LHM,20200117,0.012,0.012,0.012,0.012,0,0
LHM,20200120,0.012,0.012,0.012,0.012,0,0
LHM,20200121,0.01,0.01,0.01,0.01,24394,0
LHM,20200122,0.01,0.01,0.01,0.01,0,0
LHM,20200123,0.01,0.01,0.01,0.01,0,0
LHM,20200124,0.01,0.01,0.01,0.01,0,0
LHM,20200127,0.01,0.01,0.01,0.01,0,0
LHM,20200128,0.011,0.012,0.011,0.012,80004,0
LHM,20200129,0.012,0.012,0.012,0.012,0,0
LHM,20200130,0.012,0.012,0.012,0.012,0,0
LHM,20200131,0.012,0.012,0.012,0.012,0,0
LHM,20200203,0.012,0.012,0.012,0.012,0,0
LHM,20200204,0.012,0.012,0.012,0.012,0,0
LHM,20200205,0.012,0.012,0.012,0.012,0,0
LHM,20200206,0.012,0.012,0.012,0.012,0,0
LHM,20200207,0.012,0.012,0.012,0.012,0,0
LHM,20200210,0.012,0.012,0.012,0.012,0,0
LHM,20200211,0.012,0.012,0.012,0.012,0,0
LHM,20200212,0.012,0.012,0.012,0.012,0,0
LHM,20200213,0.012,0.012,0.012,0.012,0,0
LHM,20200214,0.012,0.012,0.012,0.012,0,0
LHM,20200217,0.012,0.012,0.012,0.012,0,0
LHM,20200218,0.012,0.012,0.012,0.012,0,0
LHM,20200219,0.012,0.012,0.012,0.012,80000,0
LHM,20200220,0.013,0.013,0.013,0.013,57521,0
LHM,20200221,0.013,0.013,0.013,0.013,0,0
LHM,20200224,0.013,0.013,0.013,0.013,7127,0
LHM,20200225,0.013,0.013,0.013,0.013,5352,0
LHM,20200226,0.013,0.013,0.013,0.013,0,0
LHM,20200227,0.013,0.013,0.013,0.013,0,0
LHM,20200228,0.012,0.012,0.009,0.009,310000,0
LHM,20200302,0.009,0.009,0.009,0.009,0,0
LHM,20200303,0.01,0.01,0.01,0.01,4,0
LHM,20200304,0.01,0.01,0.01,0.01,0,0
LHM,20200305,0.011,0.011,0.011,0.011,85000,0
LHM,20200306,0.011,0.011,0.011,0.011,0,0
LHM,20200309,0.011,0.011,0.011,0.011,0,0
LHM,20200310,0.011,0.011,0.011,0.011,0,0
LHM,20200311,0.011,0.011,0.011,0.011,0,0
LHM,20200312,0.011,0.011,0.011,0.011,0,0
LHM,20200313,0.011,0.011,0.011,0.011,0,0
LHM,20200316,0.011,0.011,0.011,0.011,0,0
LHM,20200317,0.011,0.011,0.011,0.011,0,0
LHM,20200318,0.011,0.011,0.011,0.011,0,0
LHM,20200319,0.011,0.011,0.011,0.011,0,0
LHM,20200320,0.011,0.011,0.011,0.011,0,0
LHM,20200323,0.011,0.011,0.011,0.011,0,0
LHM,20200324,0.011,0.011,0.011,0.011,0,0
LHM,20200325,0.011,0.011,0.011,0.011,0,0
LHM,20200326,0.011,0.011,0.011,0.011,0,0
LHM,20200327,0.011,0.011,0.011,0.011,0,0
LHM,20200330,0.011,0.011,0.011,0.011,0,0
LHM,20200331,0.011,0.011,0.011,0.011,0,0
LHM,20200401,0.011,0.011,0.011,0.011,0,0
LHM,20200402,0.011,0.011,0.011,0.011,0,0
LHM,20200403,0.002,0.002,0.002,0.002,135,0
LHM,20200406,0.002,0.002,0.002,0.002,0,0
LHM,20200407,0.002,0.002,0.002,0.002,0,0
LHM,20200408,0.002,0.002,0.002,0.002,0,0
LHM,20200409,0.002,0.002,0.002,0.002,0,0
LHM,20200410,0.002,0.002,0.002,0.002,0,0
LHM,20200413,0.002,0.002,0.002,0.002,0,0
LHM,20200414,0.002,0.002,0.002,0.002,0,0
LHM,20200415,0.002,0.002,0.002,0.002,0,0
LHM,20200416,0.002,0.002,0.002,0.002,0,0
LHM,20200417,0.002,0.002,0.002,0.002,0,0
LHM,20200420,0.002,0.002,0.002,0.002,0,0
LHM,20200421,0.002,0.002,0.002,0.002,0,0
LHM,20200422,0.002,0.002,0.002,0.002,0,0
LHM,20200423,0.002,0.002,0.002,0.002,0,0
LHM,20200424,0.002,0.002,0.002,0.002,0,0
LHM,20200427,0.002,0.002,0.002,0.002,0,0
LHM,20200428,0.005,0.005,0.005,0.005,42387,0
LHM,20200429,0.005,0.005,0.005,0.005,0,0
LHM,20200430,0.005,0.005,0.005,0.005,0,0
LHM,20200501,0.005,0.005,0.005,0.005,0,0
LHM,20200504,0.005,0.005,0.005,0.005,0,0
LHM,20200505,0.005,0.005,0.005,0.005,0,0
LHM,20200506,0.005,0.005,0.005,0.005,0,0
LHM,20200507,0.005,0.005,0.005,0.005,0,0
LHM,20200508,0.005,0.005,0.005,0.005,0,0
LHM,20200511,0.005,0.005,0.005,0.005,0,0
LHM,20200512,0.005,0.005,0.005,0.005,0,0
LHM,20200513,0.005,0.005,0.005,0.005,0,0
LHM,20200514,0.005,0.005,0.005,0.005,0,0
LHM,20200515,0.005,0.005,0.005,0.005,0,0
LHM,20200518,0.005,0.005,0.005,0.005,0,0
LHM,20200519,0.005,0.005,0.005,0.005,0,0
LHM,20200520,0.005,0.005,0.005,0.005,0,0
LHM,20200521,0.005,0.005,0.005,0.005,0,0
LHM,20200522,0.005,0.005,0.005,0.005,0,0
LHM,20200525,0.005,0.005,0.005,0.005,0,0
LHM,20200526,0.005,0.005,0.005,0.005,0,0
LHM,20200527,0.005,0.005,0.005,0.005,0,0
LHM,20200528,0.005,0.005,0.005,0.005,0,0
LHM,20200529,0.005,0.005,0.005,0.005,0,0
LHM,20200601,0.005,0.005,0.005,0.005,0,0
LHM,20200602,0.005,0.005,0.005,0.005,0,0
LHM,20200603,0.005,0.005,0.005,0.005,0,0
LHM,20200604,0.005,0.005,0.005,0.005,0,0
LHM,20200605,0.005,0.005,0.005,0.005,0,0
LHM,20200608,0.005,0.005,0.005,0.005,0,0
LHM,20200609,0.005,0.005,0.005,0.005,0,0
LHM,20200610,0.005,0.005,0.005,0.005,0,0
LHM,20200611,0.005,0.005,0.005,0.005,0,0
LHM,20200612,0.005,0.005,0.005,0.005,0,0
LHM,20200615,0.005,0.005,0.005,0.005,0,0
LHM,20200616,0.005,0.005,0.005,0.005,0,0
LHM,20200617,0.005,0.005,0.005,0.005,0,0
LHM,20200618,0.005,0.005,0.005,0.005,0,0
LHM,20200619,0.005,0.005,0.005,0.005,0,0
LHM,20200622,0.005,0.005,0.005,0.005,0,0
LHM,20200623,0.005,0.005,0.005,0.005,2,0
LHM,20200624,0.005,0.005,0.005,0.005,0,0
LHM,20200625,0.005,0.005,0.005,0.005,0,0
LHM,20200626,0.005,0.005,0.005,0.005,0,0
LHM,20200629,0.005,0.005,0.005,0.005,0,0
LHM,20200630,0.005,0.005,0.005,0.005,0,0
LHM,20200701,0.005,0.005,0.005,0.005,0,0
LHM,20200702,0.005,0.005,0.005,0.005,0,0
LHM,20200703,0.005,0.005,0.005,0.005,0,0
LHM,20200706,0.005,0.005,0.005,0.005,0,0
LHM,20200707,0.005,0.005,0.005,0.005,0,0
LHM,20200708,0.005,0.005,0.005,0.005,0,0
LHM,20200709,0.005,0.005,0.005,0.005,0,0
LHM,20200710,0.005,0.005,0.005,0.005,0,0
LHM,20200713,0.005,0.005,0.005,0.005,0,0
LHM,20200714,0.005,0.005,0.005,0.005,0,0
LHM,20200715,0.005,0.005,0.005,0.005,0,0
LHM,20200716,0.005,0.005,0.005,0.005,0,0
LHM,20200717,0.005,0.005,0.005,0.005,0,0
LHM,20200720,0.005,0.005,0.005,0.005,0,0
LHM,20200721,0.005,0.005,0.005,0.005,0,0
LHM,20200722,0.005,0.005,0.005,0.005,0,0
LHM,20200723,0.005,0.005,0.005,0.005,0,0
LHM,20200724,0.005,0.005,0.005,0.005,0,0
LHM,20200727,0.005,0.005,0.005,0.005,0,0
LHM,20200728,0.005,0.005,0.005,0.005,0,0
LHM,20200729,0.005,0.005,0.005,0.005,0,0
LHM,20200730,0.008,0.008,0.008,0.008,85000,0
LHM,20200731,0.008,0.008,0.008,0.008,0,0
LHM,20200803,0.008,0.008,0.008,0.008,0,0
LHM,20200804,0.008,0.008,0.008,0.008,0,0
LHM,20200805,0.008,0.008,0.008,0.008,0,0
LHM,20200806,0.008,0.008,0.008,0.008,0,0
LHM,20200807,0.008,0.008,0.008,0.008,0,0
LHM,20200810,0.008,0.008,0.008,0.008,0,0
LHM,20200811,0.008,0.008,0.008,0.008,0,0
LHM,20200812,0.008,0.008,0.008,0.008,0,0
LHM,20200813,0.008,0.008,0.008,0.008,0,0
LHM,20200814,0.008,0.008,0.008,0.008,0,0
LHM,20200817,0.008,0.008,0.008,0.008,0,0
LHM,20200818,0.008,0.008,0.008,0.008,0,0
LHM,20200819,0.008,0.008,0.008,0.008,0,0
LHM,20200820,0.008,0.008,0.008,0.008,0,0
LHM,20200821,0.008,0.008,0.008,0.008,0,0
LHM,20200824,0.008,0.008,0.008,0.008,0,0
LHM,20200825,0.008,0.008,0.008,0.008,0,0
LHM,20200826,0.008,0.008,0.008,0.008,0,0
LHM,20200827,0.008,0.008,0.008,0.008,0,0
LHM,20200828,0.008,0.008,0.008,0.008,0,0
LHM,20200831,0.008,0.008,0.008,0.008,0,0
LHM,20200901,0.008,0.008,0.008,0.008,0,0
LHM,20200902,0.008,0.008,0.008,0.008,0,0
LHM,20200903,0.008,0.008,0.008,0.008,0,0
LHM,20200904,0.008,0.008,0.008,0.008,0,0
LHM,20200907,0.008,0.008,0.008,0.008,0,0
LHM,20200908,0.008,0.008,0.008,0.008,0,0
LHM,20200909,0.008,0.008,0.008,0.008,0,0
LHM,20200910,0.008,0.008,0.008,0.008,0,0
LHM,20200911,0.008,0.008,0.008,0.008,0,0
LHM,20200914,0.008,0.008,0.008,0.008,0,0
LHM,20200915,0.008,0.008,0.008,0.008,0,0
LHM,20200916,0.008,0.008,0.008,0.008,0,0
LHM,20200917,0.008,0.008,0.008,0.008,0,0
LHM,20200918,0.008,0.008,0.008,0.008,0,0
LHM,20200921,0.008,0.008,0.008,0.008,0,0
LHM,20200922,0.008,0.008,0.008,0.008,0,0
LHM,20200923,0.008,0.008,0.008,0.008,0,0
LHM,20200924,0.008,0.008,0.008,0.008,0,0
LHM,20200925,0.008,0.008,0.008,0.008,0,0
LHM,20200928,0.008,0.008,0.008,0.008,0,0
LHM,20200929,0.008,0.008,0.008,0.008,0,0
LHM,20200930,0.008,0.008,0.008,0.008,0,0
LHM,20201001,0.008,0.008,0.008,0.008,0,0
LHM,20201002,0.008,0.008,0.008,0.008,0,0
LHM,20201005,0.008,0.008,0.008,0.008,0,0
LHM,20201006,0.008,0.008,0.008,0.008,0,0
LHM,20201007,0.008,0.008,0.008,0.008,0,0
LHM,20201008,0.008,0.008,0.008,0.008,0,0
LHM,20201009,0.008,0.008,0.008,0.008,0,0
LHM,20201012,0.008,0.008,0.008,0.008,0,0
LHM,20201013,0.008,0.008,0.008,0.008,0,0
LHM,20201014,0.008,0.008,0.008,0.008,0,0
LHM,20201015,0.008,0.008,0.008,0.008,0,0
LHM,20201016,0.008,0.008,0.008,0.008,0,0
LHM,20201019,0.008,0.008,0.008,0.008,0,0
LHM,20201020,0.008,0.008,0.008,0.008,0,0
LHM,20201021,0.008,0.008,0.008,0.008,0,0
LHM,20201022,0.008,0.008,0.008,0.008,0,0
LHM,20201023,0.008,0.008,0.008,0.008,0,0
LHM,20201026,0.008,0.008,0.008,0.008,0,0
LHM,20201027,0.008,0.008,0.008,0.008,0,0
LHM,20201028,0.008,0.008,0.008,0.008,0,0
LHM,20201029,0.008,0.008,0.008,0.008,0,0
LHM,20201030,0.008,0.008,0.008,0.008,0,0
LHM,20201102,0.008,0.008,0.008,0.008,0,0
LHM,20201103,0.008,0.008,0.008,0.008,0,0
LHM,20201104,0.008,0.008,0.008,0.008,0,0
LHM,20201105,0.008,0.008,0.008,0.008,0,0
LHM,20201106,0.008,0.008,0.008,0.008,0,0
LHM,20201109,0.008,0.008,0.008,0.008,0,0
LHM,20201110,0.008,0.008,0.008,0.008,0,0
LHM,20201111,0.008,0.008,0.008,0.008,0,0
LHM,20201112,0.008,0.008,0.008,0.008,0,0
LHM,20201113,0.008,0.008,0.008,0.008,0,0
LHM,20201116,0.008,0.008,0.008,0.008,0,0
LHM,20201117,0.008,0.008,0.008,0.008,1,0
LHM,20201118,0.008,0.008,0.008,0.008,0,0
LHM,20201119,0.008,0.008,0.008,0.008,0,0
LHM,20201120,0.008,0.008,0.008,0.008,0,0
LHM,20201123,0.008,0.008,0.008,0.008,0,0
LHM,20201124,0.008,0.008,0.008,0.008,0,0
LHM,20201125,0.008,0.008,0.008,0.008,0,0
LHM,20201126,0.008,0.008,0.008,0.008,0,0
LHM,20201127,0.008,0.008,0.008,0.008,0,0
LHM,20201130,0.008,0.008,0.008,0.008,0,0
LHM,20201201,0.008,0.008,0.008,0.008,0,0
LHM,20201202,0.008,0.008,0.008,0.008,0,0
LHM,20201203,0.008,0.008,0.008,0.008,0,0
LHM,20201204,0.008,0.008,0.008,0.008,0,0
LHM,20201207,0.008,0.008,0.008,0.008,0,0
LHM,20201208,0.008,0.008,0.008,0.008,0,0
LHM,20201209,0.008,0.008,0.008,0.008,0,0
LHM,20201210,0.008,0.008,0.008,0.008,0,0
LHM,20201211,0.008,0.008,0.008,0.008,0,0
LHM,20201214,0.008,0.008,0.008,0.008,0,0
LHM,20201215,0.008,0.008,0.008,0.008,0,0
LHM,20201216,0.008,0.008,0.008,0.008,0,0
LHM,20201217,0.008,0.008,0.008,0.008,0,0
LHM,20201218,0.008,0.008,0.008,0.008,0,0
LHM,20201221,0.008,0.008,0.008,0.008,0,0
LHM,20201222,0.008,0.008,0.008,0.008,0,0
LHM,20201223,0.008,0.008,0.008,0.008,0,0
LHM,20201224,0.008,0.008,0.008,0.008,0,0
LHM,20201225,0.008,0.008,0.008,0.008,0,0
LHM,20201228,0.008,0.008,0.008,0.008,0,0
LHM,20201229,0.008,0.008,0.008,0.008,0,0
LHM,20201230,0.008,0.008,0.008,0.008,0,0
LHM,20201231,0.008,0.008,0.008,0.008,0,0
LHM,20210101,0.008,0.008,0.008,0.008,0,0
LHM,20210104,0.008,0.008,0.008,0.008,0,0
LHM,20210105,0.008,0.008,0.008,0.008,0,0
LHM,20210106,0.008,0.008,0.008,0.008,0,0
LHM,20210107,0.008,0.008,0.008,0.008,0,0
LHM,20210108,0.008,0.008,0.008,0.008,0,0
LHM,20210111,0.008,0.008,0.008,0.008,0,0
LHM,20210112,0.008,0.008,0.008,0.008,0,0
LHM,20210113,0.008,0.008,0.008,0.008,0,0
LHM,20210114,0.008,0.008,0.008,0.008,0,0
LHM,20210115,0.008,0.008,0.008,0.008,0,0
LHM,20210118,0.008,0.008,0.008,0.008,0,0
LHM,20210119,0.008,0.008,0.008,0.008,0,0
LHM,20210120,0.008,0.008,0.008,0.008,0,0
LHM,20210121,0.008,0.008,0.008,0.008,0,0
LHM,20210122,0.008,0.008,0.008,0.008,0,0
LHM,20210125,0.008,0.008,0.008,0.008,0,0
LHM,20210126,0.008,0.008,0.008,0.008,0,0
LHM,20210127,0.008,0.008,0.008,0.008,0,0
LHM,20210128,0.008,0.008,0.008,0.008,0,0
LHM,20210129,0.008,0.008,0.008,0.008,0,0
LHM,20210201,0.008,0.008,0.008,0.008,0,0
LHM,20210202,0.008,0.008,0.008,0.008,0,0
LHM,20210203,0.008,0.008,0.008,0.008,0,0
LHM,20210204,0.008,0.008,0.008,0.008,0,0
LHM,20210205,0.008,0.008,0.008,0.008,0,0
LHM,20210208,0.008,0.008,0.008,0.008,0,0
LHM,20210209,0.008,0.008,0.008,0.008,0,0
LHM,20210210,0.008,0.008,0.008,0.008,0,0
LHM,20210211,0.008,0.008,0.008,0.008,0,0
LHM,20210212,0.008,0.008,0.008,0.008,0,0
LHM,20210215,0.008,0.008,0.008,0.008,0,0
LHM,20210216,0.008,0.008,0.008,0.008,0,0
LHM,20210217,0.008,0.008,0.008,0.008,0,0
LHM,20210218,0.008,0.008,0.008,0.008,0,0
LHM,20210219,0.008,0.008,0.008,0.008,0,0
LHM,20210222,0.008,0.008,0.008,0.008,0,0
LHM,20210223,0.008,0.008,0.008,0.008,0,0
LHM,20210224,0.008,0.008,0.008,0.008,0,0
LHM,20210225,0.008,0.008,0.008,0.008,0,0
LHM,20210226,0.008,0.008,0.008,0.008,0,0
LHM,20210301,0.008,0.008,0.008,0.008,0,0
LHM,20210302,0.008,0.008,0.008,0.008,0,0
LHM,20210303,0.008,0.008,0.008,0.008,0,0
LHM,20210304,0.008,0.008,0.008,0.008,0,0
LHM,20210305,0.008,0.008,0.008,0.008,0,0
LHM,20210308,0.008,0.008,0.008,0.008,0,0
LHM,20210309,0.008,0.008,0.008,0.008,0,0
LHM,20210310,0.008,0.008,0.008,0.008,0,0
LHM,20210311,0.008,0.008,0.008,0.008,0,0
LHM,20210312,0.008,0.008,0.008,0.008,0,0
LHM,20210315,0.008,0.008,0.008,0.008,0,0
LHM,20210316,0.008,0.008,0.008,0.008,0,0
LHM,20210317,0.008,0.008,0.008,0.008,0,0
LHM,20210318,0.008,0.008,0.008,0.008,0,0
LHM,20210319,0.008,0.008,0.008,0.008,0,0
LHM,20210322,0.008,0.008,0.008,0.008,0,0
LHM,20210323,0.008,0.008,0.008,0.008,0,0
LHM,20210324,0.008,0.008,0.008,0.008,0,0
LHM,20210325,0.008,0.008,0.008,0.008,0,0
LHM,20210326,0.008,0.008,0.008,0.008,0,0
LHM,20210329,0.008,0.008,0.008,0.008,0,0
LHM,20210330,0.008,0.008,0.008,0.008,0,0
LHM,20210331,0.008,0.008,0.008,0.008,0,0
LHM,20210401,0.008,0.008,0.008,0.008,0,0
LHM,20210402,0.008,0.008,0.008,0.008,0,0
LHM,20210405,0.008,0.008,0.008,0.008,0,0
LHM,20210406,0.008,0.008,0.008,0.008,0,0
LHM,20210407,0.008,0.008,0.008,0.008,0,0
LHM,20210408,0.008,0.008,0.008,0.008,0,0
LHM,20210409,0.008,0.008,0.008,0.008,0,0
LHM,20210412,0.008,0.008,0.008,0.008,0,0
LHM,20210413,0.008,0.008,0.008,0.008,0,0
LHM,20210414,0.008,0.008,0.008,0.008,0,0
LHM,20210415,0.008,0.008,0.008,0.008,0,0
LHM,20210416,0.008,0.008,0.008,0.008,0,0
LHM,20210419,0.008,0.008,0.008,0.008,0,0
LHM,20210420,0.008,0.008,0.008,0.008,0,0
LHM,20210421,0.008,0.008,0.008,0.008,0,0
LHM,20210422,0.008,0.008,0.008,0.008,0,0
LHM,20210423,0.008,0.008,0.008,0.008,0,0
LHM,20210426,0.008,0.008,0.008,0.008,0,0
LHM,20210427,0.008,0.008,0.008,0.008,0,0
LHM,20210428,0.008,0.008,0.008,0.008,0,0
LHM,20210429,0.008,0.008,0.008,0.008,0,0
LHM,20210430,0.008,0.008,0.008,0.008,0,0
LHM,20210503,0.008,0.008,0.008,0.008,0,0
LHM,20210504,0.008,0.008,0.008,0.008,0,0
LHM,20210505,0.008,0.008,0.008,0.008,0,0
LHM,20210506,0.008,0.008,0.008,0.008,0,0
LHM,20210507,0.008,0.008,0.008,0.008,0,0
LHM,20210510,0.008,0.008,0.008,0.008,0,0
LHM,20210511,0.008,0.008,0.008,0.008,0,0
LHM,20210512,0.008,0.008,0.008,0.008,0,0
LHM,20210513,0.008,0.008,0.008,0.008,0,0
LHM,20210514,0.008,0.008,0.008,0.008,0,0
LHM,20210517,0.008,0.008,0.008,0.008,0,0
LHM,20210518,0.008,0.008,0.008,0.008,0,0
LHM,20210519,0.008,0.008,0.008,0.008,0,0
LHM,20210520,0.008,0.008,0.008,0.008,0,0
LHM,20210521,0.008,0.008,0.008,0.008,0,0
LHM,20210524,0.008,0.008,0.008,0.008,0,0
LHM,20210525,0.008,0.008,0.008,0.008,0,0
LHM,20210526,0.008,0.008,0.008,0.008,0,0
LHM,20210527,0.008,0.008,0.008,0.008,0,0
LHM,20210528,0.008,0.008,0.008,0.008,0,0
LHM,20210531,0.009,0.009,0.009,0.009,107,0
LHM,20210601,0.009,0.009,0.009,0.009,77,0
LHM,20210602,0.009,0.009,0.009,0.009,0,0
LHM,20210603,0.009,0.009,0.009,0.009,0,0
LHM,20210604,0.009,0.009,0.009,0.009,0,0
LHM,20210607,0.009,0.009,0.009,0.009,0,0
LHM,20210608,0.009,0.009,0.009,0.009,0,0
LHM,20210609,0.009,0.009,0.009,0.009,0,0
LHM,20210610,0.009,0.009,0.009,0.009,77,0
LHM,20210611,0.009,0.009,0.009,0.009,0,0
LHM,20210614,0.009,0.009,0.009,0.009,0,0
LHM,20210615,0.013,0.015,0.013,0.015,385710,0
LHM,20210616,0.015,0.015,0.014,0.015,131354,0
LHM,20210617,0.012,0.012,0.012,0.012,51735,0
LHM,20210618,0.012,0.012,0.012,0.012,0,0
LHM,20210621,0.012,0.012,0.012,0.012,53,0
LHM,20210622,0.012,0.012,0.012,0.012,0,0
LHM,20210623,0.012,0.012,0.012,0.012,0,0
LHM,20210624,0.012,0.012,0.012,0.012,41460,0
LHM,20210625,0.012,0.012,0.012,0.012,0,0
LHM,20210628,0.011,0.011,0.011,0.011,115174,0
LHM,20210629,0.012,0.012,0.012,0.012,8400,0
LHM,20210630,0.012,0.012,0.012,0.012,14580,0
